time,x,y,z,phi,theta,psi,x_velocity,y_velocity,z_velocity,phi_velocity,theta_velocity,psi_velocity,rotor_speed1,rotor_speed2,rotor_speed3,rotor_speed4
0.06,-2.9191953436265624e-07,-2.1584999350463416e-08,10.000178886542633,6.282822985823886,0.00031184826007013555,0.0,-2.4896542781421083e-05,-1.3046867794718446e-05,0.005962788433707555,-0.022236778278523554,0.013967154045516496,0.0,405.2802730420326,406.53340824009393,407.03036513673925,405.0358289929017
0.12000000000000001,-1.3644698696293964e-05,-1.4783674275966918e-05,10.005836437476685,6.2815014043116015,0.0018943210858415327,0.0,-0.0005657924686290403,-0.0006295510293721539,0.1826095392954142,-0.021609205110644496,0.043780172334910016,0.0,458.26734836601844,460.6307143718146,461.6796713544494,461.72914902862584
0.18,-9.826767948468325e-05,-9.357884263451143e-05,10.020420669120893,6.280095936107532,0.0041373347809905425,0.0,-0.002515875898352845,-0.0021386185436156283,0.30350540833880846,-0.0273269944282785,0.019803158725844212,0.0,444.6019421235408,442.63407892675895,443.6779652464207,443.208295934638
0.23999999999999996,-0.0003453960447230955,-0.00029662618924411916,10.043019172224131,6.278534965132284,0.005441812906600951,0.0,-0.005857484958792044,-0.0048035355815685635,0.4497299399691792,-0.02351594724349041,0.02535990699942956,0.0,451.05258484751255,451.50105097793374,451.4705332182336,451.77774574778675
0.3,-0.0008507212864249056,-0.0007160401148844338,10.079067868308526,6.2771714306629285,0.007526891898889332,0.0,-0.011229828445402388,-0.009359135750327098,0.7517416054530646,-0.021190069019136892,0.04890952385032196,0.0,496.16643219050724,497.8924360785674,497.17292838625343,497.34330847047664
0.36000000000000004,-0.001684625312910661,-0.001401556829471402,10.12636403421726,6.275464402695373,0.01027913462651231,0.0,-0.016846060798012177,-0.013630373887015913,0.8247436727141219,-0.04977864688558863,0.03897228030395414,0.0,428.72000920935506,427.87626897930147,430.6192279081574,428.193951377239
0.4200000000000001,-0.002983639091465774,-0.002441108408139378,10.18510335609713,6.273048820483929,0.012547391545251863,0.0,-0.026757788576385735,-0.021371731368422985,1.1329736617123274,-0.025955617553287028,0.03536012337064341,0.0,499.95544122927106,499.6927347716091,498.01981705451095,499.7582678105895
0.48000000000000015,-0.0049464126744235256,-0.004011290129436788,10.263034392115195,6.271127841924624,0.014647050973221276,0.0,-0.038950892638312126,-0.031195104921098157,1.4643571404683537,-0.04829262647888791,0.034252659754091336,0.0,505.7297860423503,505.65038292117777,507.7453764221971,506.1401927300283
0.5400000000000001,-0.007561721348449948,-0.006115885044429041,10.351736060611376,6.268351482387343,0.016937161087785313,0.0,-0.04842490001794298,-0.03921644209436533,1.492322052902941,-0.042512402235892935,0.04503039803914504,0.0,415.1020754535623,416.0475116794815,415.4337943925538,415.93883595474216
0.6000000000000002,-0.010797273100350417,-0.00875794698805528,10.442500783056921,6.265424246381244,0.02022333639627849,0.0,-0.059709693722395665,-0.049102530111597494,1.5331050205642662,-0.06588288701264239,0.06932369819258366,0.0,419.13326416228796,421.2411992294666,420.8185177062259,418.78899961167303
0.6600000000000003,-0.014903825519268185,-0.012165333007060844,10.541783791031303,6.261723275544977,0.024209307792721013,0.0,-0.07767064620011531,-0.0649402891517832,1.7759626030845448,-0.05438746257774164,0.059916853764869125,0.0,482.5951836672547,481.887574637941,482.20260017018,483.0676894579199
0.7200000000000003,-0.02015040897196239,-0.016581755799121144,10.654246967894192,6.258520725181507,0.027623860677882917,0.0,-0.09761615463840383,-0.08264238009636796,1.9724713098833833,-0.05142640842990596,0.05009225964479648,0.0,469.59517201347387,468.8345258048588,469.97848358392645,470.20620634696417
0.7800000000000004,-0.026650927911608262,-0.022116000624095803,10.777756128783654,6.255709158756719,0.030211543804634644,0.0,-0.1193811067265028,-0.10215509988215074,2.1441745807940094,-0.03901242837473539,0.02315991774248767,0.0,463.3942926536102,461.27332723297985,463.09159936286585,464.06574105475875
0.8400000000000004,-0.03435233270171374,-0.028737636951330137,10.90638097236562,6.252990510890228,0.03229026686193759,0.0,-0.13748942557831245,-0.11878242231750402,2.143308509569072,-0.06249931094074356,0.051104877445177485,0.0,407.4092939071389,409.9007377062757,409.37603269727407,407.2792767888179
0.9000000000000005,-0.04344065794983973,-0.03665175435608202,11.042819839548095,6.249767860786079,0.034874772859520675,0.0,-0.16580535183145723,-0.14543870231087402,2.4041126730916527,-0.04026091290110434,0.017750058861102574,0.0,491.4692275529161,488.9916571618126,488.4023036649293,490.0562568675362
0.9600000000000005,-0.05405954988236561,-0.0460249877271288,11.188502229013702,6.24749328634284,0.035888263519055386,0.0,-0.18825272433942805,-0.1672198183280725,2.4518507718658946,-0.03357996458807501,0.015116734971659388,0.0,425.59584702759395,425.37033799827174,426.1924988599447,426.762359821126
1.0200000000000005,-0.06614218087208316,-0.05684486628929231,11.339759211455652,6.2457376814135195,0.03681320231899221,0.0,-0.214589971683163,-0.19363371976777569,2.58973056288982,-0.021781655620103174,0.016006842093483246,0.0,454.56747706968554,454.63869266129456,454.48712729123355,455.4314855781153
1.0800000000000005,-0.07968644389432791,-0.06914360291126757,11.495528682071626,6.2445258887074075,0.03780617682552112,0.0,-0.23697227926063402,-0.21643559787399752,2.6025439662941032,-0.01720142597245829,0.01761346756009734,0.0,415.10486258924266,415.24575901268946,415.35978654646897,415.76126419669225
1.1400000000000006,-0.09474082886801635,-0.08298227834158185,11.6559499083973,6.2429821725902634,0.0395360724007956,0.0,-0.2649864137698706,-0.24496822693868545,2.7444827783281327,-0.05416416876775712,0.045010320343561075,0.0,455.72836454122523,457.9131400859245,458.2138891267846,455.2656725785574
1.2000000000000006,-0.11141978116808551,-0.09847422205116063,11.822386157830522,6.239351249549403,0.04218596245916739,0.0,-0.2912304568984641,-0.27174949938772586,2.8032181700171903,-0.07790894545282895,0.042418401941282914,0.0,431.08462563451957,430.86672382182786,432.8085542452398,430.8025205855714
1.2600000000000007,-0.12973191834902265,-0.11565531506059357,11.99248689266981,6.23433856514219,0.045552431084178835,0.0,-0.3194622944251422,-0.30141071435568473,2.86660547969066,-0.09825803405427164,0.07476121470855418,0.0,431.33444784548635,434.05928121677823,434.72722636521,433.01264755561925
1.3200000000000007,-0.14976497559364554,-0.1346700906535534,12.165412566314268,6.228332664222936,0.05005283882769973,0.0,-0.34871597823179507,-0.3329561904712478,2.897446073508743,-0.10405600882354273,0.07549320998372092,0.0,422.46099903883993,422.5288443481133,424.01149032226994,423.5038823148437
1.3800000000000008,-0.17176853536645895,-0.15583428858918824,12.342751516822657,6.222327827690009,0.054367110205122415,0.0,-0.38518468431663927,-0.3731370297296835,3.0134761257624354,-0.09313039264737889,0.06354102677990073,0.0,451.43225972545576,450.4706511972524,450.0105206114953,450.88548896363307
1.4400000000000008,-0.19607937674799678,-0.17956793182333936,12.527588007539359,6.216381231412587,0.05805597621240821,0.0,-0.4255599959506136,-0.4185735591946196,3.147299791429503,-0.11506769068688057,0.057007492300956586,0.0,456.98555883640955,456.46704872689725,458.1045754144488,456.34839740440975
1.5000000000000009,-0.22264055366730473,-0.20587120691084768,12.716175538861883,6.209321270409127,0.06118584685672257,0.0,-0.4600993953847219,-0.4588025093026481,3.138896046453142,-0.12344165398161545,0.0401007289771953,0.0,412.1892516825058,410.6943124835886,413.15007794539565,412.39741391428885
1.560000000000001,-0.2514436809813794,-0.23485595532918552,12.906149171873562,6.2014407707964985,0.06346810942241099,0.0,-0.50022137022535,-0.5080628864150915,3.193313439785753,-0.1558940626408922,0.03355577691324115,0.0,433.9506904382619,433.4016618972798,433.8491622543018,431.098400195975
1.620000000000001,-0.2830816162279035,-0.26745653700243616,13.105358741528372,6.191812427742043,0.06543999467700345,0.0,-0.5545800626813957,-0.5797386790688757,3.44612105026066,-0.17169570845695817,0.03144588292078907,0.0,493.7618358394324,493.6064518706202,494.27527233183474,493.0874398278084
1.680000000000001,-0.3177533150859306,-0.3042119744843518,13.315506801458433,6.18143423490552,0.06755503231433657,0.0,-0.6013314979825913,-0.6464799841636696,3.558313306938792,-0.1756443416001412,0.04194074530384895,0.0,453.0223203902934,453.865947323204,454.3320673624187,453.98728191586747
1.740000000000001,-0.35511792385997437,-0.34494779255428554,13.530022996530208,6.1705630274000995,0.07029929782243283,0.0,-0.6443942007113894,-0.7123492867042792,3.591954983834022,-0.19555489713897095,0.05241529187247685,0.0,430.7543107280972,431.64051198793885,429.43345962576507,427.7074966788191
1.8000000000000012,-0.39501359239076006,-0.3896697907159578,13.745033191912603,6.159222167428474,0.07312968612134085,0.0,-0.6857236958686724,-0.7793603138310583,3.5749226043286564,-0.17840309736283727,0.03380739814335061,0.0,413.749657338314,412.1095037207317,413.52429234345453,414.9946311209231
1.8600000000000012,-0.4376583302282175,-0.43898461446370024,13.96199849874742,6.148394831173745,0.0748326539526909,0.0,-0.7359396635033902,-0.8654975949859725,3.656779537194662,-0.18490648888208008,0.01439529175458536,0.0,447.40818751343073,445.82502442578715,446.3596672499842,445.797179842329
1.9200000000000013,-0.48323861029798654,-0.49348947342531985,14.182406940609567,6.137537987308056,0.07533652317232686,0.0,-0.783464847455612,-0.9523219392703083,3.6898478987527494,-0.17402670146691196,-0.0076460415387350576,0.0,432.47947564586605,430.6187853036175,431.3570062942395,432.24204646179817
1.9800000000000013,-0.5317937902086662,-0.5536322981062806,14.406296268898837,6.1266988560749684,0.07529559056784496,0.0,-0.8350011535845059,-1.0534471223760637,3.77262035572646,-0.1991282143618896,0.010501726972291424,0.0,448.3734412574978,449.8455022777714,448.66380142558603,446.5889736697703
2.0400000000000014,-0.5837943370455172,-0.6207971880288382,14.639672374879671,6.114694176118434,0.07555797107827456,0.0,-0.8983504599964948,-1.1867004790768758,4.005433009168926,-0.20204520014580216,-0.012168002933032097,0.0,495.4504526742035,493.7807841791413,494.7730098481829,494.5234303907797
2.1000000000000014,-0.6394962993150706,-0.6960252138051166,14.885638676299877,6.103447666289158,0.07441680629266312,0.0,-0.9582295159916252,-1.3221044411617502,4.192418541642535,-0.16795565975810112,-0.03849788680160185,0.0,484.79135397411926,482.8087558274114,482.1154281213855,484.6522545004414
2.1600000000000015,-0.6986817941024871,-0.77944508798931,15.14174864985784,6.0934633935082445,0.07212366139124882,0.0,-1.01432507823398,-1.459545114703243,4.343692333980194,-0.16347385319493773,-0.03766735435008298,0.0,475.24587465172493,475.3089317186713,474.5725102858469,474.8918912775549
2.2200000000000015,-0.7613724730515389,-0.8718347520797692,15.409469082884314,6.083440788224035,0.0695073457939328,0.0,-1.0750015267064734,-1.6211271175403408,4.5790142503372415,-0.17534613846925431,-0.05941982650560605,0.0,501.848937247782,500.2664585780518,502.16278471761433,501.2774235295848
2.2800000000000016,-0.8271080679377696,-0.9726425236090561,15.68376806407358,6.072600221496556,0.0665771607150667,0.0,-1.1159197992081638,-1.7400444333106244,4.564039788812657,-0.1943152931130573,-0.03334269299739813,0.0,424.7998979123454,427.0286845146879,428.72256935297816,427.0741422066106
2.3400000000000016,-0.8953252023954786,-1.081000579648625,15.95815559828626,6.061517086701269,0.06522039147444225,0.0,-1.1578348229133761,-1.8728801050444908,4.581759583033191,-0.17034098215224577,-0.006957000452171538,0.0,437.76633294167965,439.9565728376124,436.88599215560515,438.84641706752427
2.4000000000000017,-0.9663063394235617,-1.1984374178871982,16.23755067106917,6.051574580337327,0.06476798811053364,0.0,-1.208112634180824,-2.0426187080660303,4.730325157859973,-0.15777153880236508,-0.008732473969454148,0.0,480.2018116508552,480.0672132929556,480.04297178191007,480.9718455968798
2.4600000000000017,-1.0400381207509268,-1.3253596112242743,16.5219281888057,6.041888138499814,0.0644055214659165,0.0,-1.249568700713804,-2.1889473200227907,4.7484368986553624,-0.17001773393121536,-0.0011387337461780953,0.0,440.5882787071224,441.21585810737196,443.1748647428663,442.1419026446022
2.520000000000002,-1.1163730556514697,-1.461684510528469,16.80911074060703,6.031424111854211,0.06515488792008917,0.0,-1.2949477766535205,-2.3561235164005687,4.823482178264037,-0.18502902435075294,0.031090159254977802,0.0,460.21233736499335,462.7566073903712,461.3763303206308,460.1611058880447
2.580000000000002,-1.1949195519173028,-1.606209916776638,17.092840989986193,6.020467202302042,0.06688370984873249,0.0,-1.3234324439832332,-2.4622435352542835,4.634625363494793,-0.17818484586922304,0.02382131180689075,0.0,371.4207885549506,370.7074676802812,370.8653594965549,371.49761884811204
2.640000000000002,-1.2757908136913012,-1.759547697852988,17.37371150754803,6.009611974078247,0.0679703514052763,0.0,-1.3723760912662086,-2.6499579121723578,4.726715617283925,-0.18703554785314708,0.00311846763012671,0.0,468.32000885701103,466.7066369246763,468.14868956145676,467.4294493544895
2.700000000000002,-1.359248278364194,-1.922897411145248,17.654793923380947,5.998222325676778,0.06810888560544281,0.0,-1.409575093681653,-2.7959582099132625,4.642542338159244,-0.19608390461183817,0.0006384060303621173,0.0,411.2323029812477,411.01247267653986,412.0619933504816,411.2228293724368
2.760000000000002,-1.4451977583146445,-2.096250084448188,17.934355961661293,5.986201992170653,0.06827450733594809,0.0,-1.4554004060269523,-2.983474953936256,4.675373339431768,-0.21058473581172923,0.006698518835965794,0.0,451.0380471212426,451.5272349081804,452.36837940492165,451.1601081178292
2.820000000000002,-1.5336303039962027,-2.2799101752649937,18.21198224576188,5.973416332189238,0.06910881131012392,0.0,-1.492423662304271,-3.139548696494713,4.5786243971906035,-0.21864520219129682,0.025402499234145094,0.0,408.1137560624492,409.7800631988956,409.8141318034818,409.04771397061387
2.880000000000002,-1.6246415547534354,-2.4746290514322133,18.488360025614316,5.959832807286567,0.07135922628901614,0.0,-1.5414458441833478,-3.3521968636917885,4.6328587792197204,-0.25007909090350605,0.054604977583111426,0.0,460.48578442511456,462.7909892898693,461.6382598540123,459.10037819200295
2.940000000000002,-1.718560907072769,-2.6820002772709866,18.766744803120922,5.94461343276814,0.0740882476141369,0.0,-1.5894667884929228,-3.5614096772026236,4.645597983433001,-0.26197199063380366,0.012416171013295674,0.0,451.93340826828296,448.52039122090883,450.3981469185146,449.3710586352635
3.000000000000002,-1.8152137918208757,-2.901345476879923,19.04334116089034,5.928747131656783,0.0747085849626874,0.0,-1.6323585658647288,-3.751333451323625,4.573664853030554,-0.26988027344127014,0.005822191676379148,0.0,423.8853707443557,423.3181042853552,423.84777896716537,423.0929999465983
3.0600000000000023,-1.9144722997009358,-3.1324384825899885,19.315761493883873,5.912702339945337,0.075336651063588,0.0,-1.6763021405610072,-3.9530220295712284,4.506290281009997,-0.2628962138014042,0.018433545794942004,0.0,426.38313097771254,427.45929720273466,426.1822353783608,426.7034076167619
3.1200000000000023,-2.0167793908458638,-3.3778064121486358,19.588897346299248,5.89674394563669,0.07668807506724917,0.0,-1.7339994806769896,-4.227184138227784,4.596488245386348,-0.2729552088156159,0.02965417881784873,0.0,480.7070806147581,481.5567288953047,480.9926047047567,480.16438294228897
3.1800000000000024,-2.122347446413753,-3.638808294618213,19.864466764989402,5.880173652116419,0.07826559240472797,0.0,-1.7850570546799667,-4.474138898046528,4.587873437833954,-0.2835171747768069,0.018538958891083698,0.0,452.43330905297137,451.53745114907605,453.60857751446815,452.6836422028303
3.2400000000000024,-2.231163987112467,-3.9157131984080222,20.141181862371013,5.86302175255279,0.0792312154024124,0.0,-1.8422018818912476,-4.757315364843385,4.634194333248446,-0.2910170909257198,0.010690092973017457,0.0,474.02367902270174,473.41991850541115,474.02838786597897,473.3740941200543
3.3000000000000025,-2.3430932893166454,-4.208213011109074,20.41663713570924,5.845399988094506,0.07955383299713237,0.0,-1.8888085881608179,-4.993955771771798,4.546637675532371,-0.29966227548001,-0.008234398275694312,0.0,432.22847102150655,430.63018785669715,433.27648894813524,432.4584487336838
3.3600000000000025,-2.4579049349323254,-4.5156297999561925,20.687601427650492,5.827437503062168,0.07869290512294835,0.0,-1.93816927152711,-5.254559660682716,4.484212621772614,-0.29880726280073794,-0.030832493528077518,0.0,444.64096689446535,442.7853926573395,443.5078839591487,443.4866690459112
3.4200000000000026,-2.5756996545697945,-4.8391955790014975,20.95507059169137,5.810230652366325,0.07679297560865006,0.0,-1.9881289715298223,-5.532199609160728,4.4300008902057515,-0.2697919040659256,-0.03338548172669213,0.0,448.8960416732531,448.68842870702576,449.2741991818452,451.5376522742042
3.4800000000000026,-2.6963541028668825,-5.179069174768047,21.217854590794133,5.793958080739394,0.07532954821260152,0.0,-2.033541561223107,-5.798064517361468,4.328322369238074,-0.27419984361528754,-0.010693536924957081,0.0,435.52925962679564,437.4233497530584,435.74951033045784,435.30477143378306
3.5400000000000027,-2.819549796264063,-5.534114681952004,21.472415803978308,5.77707635498219,0.07456961454117739,0.0,-2.072951137789465,-6.037967382050691,4.156268842516619,-0.3021522475617212,-0.016934033573700644,0.0,412.1665864194083,411.61463518614335,414.31754333477306,411.7634067660952
3.6000000000000028,-2.945052294808312,-5.903472194338281,21.71590200301521,5.759529933473193,0.07390532507296221,0.0,-2.1104347782212463,-6.275182839953061,3.9591680304253476,-0.2779420276413906,-0.0013662302711439749,0.0,404.15402253761783,405.55523525072795,403.77649387622256,405.85839515788933
3.660000000000003,-3.072862258409807,-6.287719935742523,21.948115424463435,5.7422800095905835,0.07362063244175321,0.0,-2.149893082911321,-6.5342260205458285,3.780298073925985,-0.32493812687117296,-0.012543601928660952,0.0,414.74001428283015,413.7569346920669,416.2786652583384,412.0493068637005
3.720000000000003,-3.203566511868377,-6.691488054785507,22.175558319223466,5.7240861094719495,0.07271895896573533,0.0,-2.206727181366765,-6.9257372793673415,3.798415122587136,-0.27814698130741883,-0.02052745823070382,0.0,488.9426687000681,488.34749025415476,487.3537425792705,490.7514777032663
3.780000000000003,-3.3374278060502225,-7.117381847937062,22.401079911335632,5.708071824989968,0.07121383124038072,0.0,-2.2551428544018797,-7.2716421357675625,3.717007767758052,-0.25072761792795867,-0.03626360747666101,0.0,460.7564239586679,459.5102161705254,459.10726641183373,461.2080156269524
3.840000000000003,-3.473962263072017,-7.562734469221776,22.619063414460566,5.692673257945771,0.06902422507191375,0.0,-2.2958354229267366,-7.57442317278882,3.547762939004707,-0.2723302110124596,-0.03695699168219292,0.0,432.6087618939799,432.54971122969283,432.1443640975801,430.2496831184694
3.900000000000003,-3.612918044050613,-8.026569842868476,22.826781212338943,5.676296783284693,0.06726274781366381,0.0,-2.335861936845989,-7.887739767128779,3.3746280174971606,-0.2741892026388727,-0.017361950101264154,0.0,433.58845878751094,435.2317142010604,433.96076674534993,433.72735032733715
3.960000000000003,-3.754411648770666,-8.510795642309972,23.02578976665464,5.66009324816531,0.06613151430595465,0.0,-2.3804420109626316,-8.253918471606644,3.256828517356618,-0.2628813932050367,-0.02201821963813067,0.0,460.6233852335078,460.25497142797354,458.3094246063496,459.1362768013856
4.020000000000002,-3.8987909229755413,-9.019287984483226,23.220251951516484,5.6450240749867575,0.06587803614260324,0.0,-2.4320218829028146,-8.696275760194247,3.2222571868986236,-0.23446563331522519,0.01801047348581187,0.0,493.42112668555234,496.3682532090266,494.7144734652092,496.74581254338796
4.080000000000001,-4.045862333667268,-9.550950694009508,23.40741156322256,5.6312154338805875,0.06725778938596694,0.0,-2.4704175698567137,-9.02660310584412,3.0147593655748803,-0.22267477818870285,0.03145862824211774,0.0,435.952968971618,437.0756437456025,438.00793942652194,438.9341512392551
4.14,-4.19557938100926,-10.105525390176775,23.585614216314582,5.618245829412137,0.06895337546671954,0.0,-2.5202094127333527,-9.459516598471804,2.9225722280366053,-0.20558534693464361,0.020941317968137918,0.0,487.9547778707972,487.16890743090033,484.41136003502226,485.6529605865793
4.199999999999998,-4.347915222438148,-10.682769696293594,23.75346430160485,5.606542355229884,0.07027332936226838,0.0,-2.557718764404758,-9.782765118139244,2.670969774112386,-0.17964106481228714,0.024035080885532745,0.0,431.2591990975732,431.52056614720817,429.37651205616817,431.53350217873907
4.259999999999997,-4.502552842820603,-11.279888691971854,23.90631783844827,5.59550331276462,0.07282149632654633,0.0,-2.5969828856448847,-10.121930900458871,2.4225564994340933,-0.19449268434318007,0.06520605207922202,0.0,434.73879142879036,438.17704857738755,436.9498809146028,435.6757427282209
4.319999999999996,-4.659722153115638,-11.898740611594581,24.04543130963401,5.584160470882267,0.0769644340155553,0.0,-2.642221095828071,-10.506949582201855,2.2123739673523297,-0.17993764184258526,0.07579647719934479,0.0,456.5076203782517,457.3556286030247,456.002261278454,457.1299858744742
4.379999999999995,-4.819708360896527,-12.541236863720545,24.172019864902538,5.573414025927232,0.08180721670932645,0.0,-2.6909197702596037,-10.909972943112225,2.0048813134988324,-0.17749896654928482,0.08907202476252778,0.0,462.390931503719,463.4408642003358,464.5848500830233,464.7466471800044
4.439999999999993,-4.982814224378129,-13.20909282861382,24.286953336124743,5.562809052775933,0.08785848234816118,0.0,-2.7462813402060156,-11.352034899382698,1.8234083454971572,-0.17529343587570792,0.11761512650311963,0.0,479.17465399320116,481.34796038142537,480.7285635421345,480.8681979939389
4.499999999999992,-5.149165540898124,-13.90237478375669,24.389144445792628,5.552270795504594,0.09478964714778293,0.0,-2.7991567209190578,-11.757724489104616,1.580466216371752,-0.17633399459316784,0.11096341744828153,0.0,463.4840972718686,462.9721301162288,464.1046532477886,463.9946648903127
4.559999999999991,-5.318737543078786,-14.619876581366844,24.476031283463293,5.541440927777192,0.1013370841791632,0.0,-2.853586569589093,-12.159417401653698,1.3132553484258473,-0.19047822667270778,0.10516857033592637,0.0,461.0025779083977,460.5542993211336,461.13989738455075,459.99030806200864
4.6199999999999894,-5.49174562560297,-15.362250502927186,24.54711370584043,5.530025853228686,0.10737537459952406,0.0,-2.9136417568643367,-12.586642002379469,1.0532666273012614,-0.18980180916741315,0.08955381638652732,0.0,471.2778412323059,470.0769146434044,471.1026953742495,471.12204011329544
4.679999999999988,-5.669072501476744,-16.13448643966176,24.606442041953073,5.519305878776278,0.1126768432710028,0.0,-2.997437099127822,-13.15387584128663,0.9199284854140469,-0.16259215559507328,0.08585337296142789,0.0,528.6788964901509,528.4289008029617,526.8918637965252,528.7444028726584
4.739999999999987,-5.850761407488756,-16.936370921413275,24.652465368154918,5.509494718632979,0.11760977823422358,0.0,-3.0590470254351643,-13.57600111545679,0.6113802407225151,-0.16543863300327855,0.07371786194745207,0.0,470.60610881632823,469.6704526825054,470.84728136769,470.6030608356472
4.799999999999986,-6.035533581410999,-17.759859162943467,24.675519235714763,5.500183443170473,0.12224522262759407,0.0,-3.1002402383849406,-13.875020065815185,0.15555874127674346,-0.14007123386814332,0.08353023121420458,0.0,412.0699940322772,412.9421502270876,411.2609660913844,413.4775093852479
4.859999999999984,-6.223142818226269,-18.603404107229125,24.672735066275635,5.491467963218593,0.12829759367073734,0.0,-3.1536350302406366,-14.244158099633513,-0.25062608142512377,-0.15842339534024746,0.12273170740702544,0.0,440.09034846316655,443.3329175948991,440.88370258063605,439.3437494363218
4.919999999999983,-6.413710416482741,-19.467668150976834,24.643498185028374,5.482037949194186,0.13528778566202515,0.0,-3.1989108539583797,-14.566034661562293,-0.725892016132833,-0.15476843392513095,0.09960270436502366,0.0,416.85869269788844,414.8444603602479,415.4856730779981,415.780884343853
4.979999999999982,-6.607335829112973,-20.353031137492014,24.586787021793956,5.472818643545164,0.1412766471569027,0.0,-3.2554844611555427,-14.947132615249489,-1.1670965782413814,-0.15151916601371979,0.10023400924280931,0.0,438.9668955224696,439.02802073158927,438.4222016093215,438.6695899250378
5.0399999999999805,-6.804789085950674,-21.263458546886106,24.50493819512657,5.4640503501985975,0.14694741275281853,0.0,-3.3264503189788632,-15.401067857499887,-1.5646143517019258,-0.13711659396435563,0.07949684697086974,0.0,468.20041270464253,466.5904200325339,466.42868126496484,467.5336380166441
